70
0 0.4 0 0.707107 0.707107 0 0
0 0.34641 0.2 0.5 0.866025 0 0
0 0.2 0.34641 0.258819 0.965926 0 0
0 0 0.4 0 1 0 0
0 -0.2 0.34641 -0.258819 0.965926 0 0
0 -0.34641 0.2 -0.5 0.866025 0 0
0 -0.4 0 0.707107 -0.707107 0 0
0.257115 0.306418 0 0.707107 0.541675 -0.454519 0
0.222668 0.265366 0.2 0.5 0.663414 -0.55667 0
0.128558 0.153209 0.34641 0.258819 0.739942 -0.620885 0
0 0 0.4 0 1 0 0
-0.128558 -0.153209 0.34641 -0.258819 0.739942 -0.620885 0
-0.222668 -0.265366 0.2 -0.5 0.663414 -0.55667 0
-0.257115 -0.306418 0 0.707107 -0.541675 0.454519 0
0.393923 0.0694593 0 0.707107 0.122788 -0.696364 0
0.341147 0.0601535 0.2 -0.5 -0.150384 0.852869 0
0.196962 0.0347296 0.34641 -0.258819 -0.167731 0.951251 0
0 0 0.4 0 1 0 0
-0.196962 -0.0347296 0.34641 0.258819 -0.167731 0.951251 0
-0.341147 -0.0601535 0.2 0.5 -0.150384 0.852869 0
-0.393923 -0.0694593 0 0.707107 -0.122788 0.696364 0
0.34641 -0.2 0 0.707107 -0.353553 -0.612372 0
0.3 -0.173205 0.2 -0.5 0.433013 0.75 0
0.173205 -0.1 0.34641 -0.258819 0.482963 0.836516 0
0 0 0.4 0 1 0 0
-0.173205 0.1 0.34641 0.258819 0.482963 0.836516 0
-0.3 0.173205 0.2 0.5 0.433013 0.75 0
-0.34641 0.2 0 0.707107 0.353553 0.612372 0
0.136808 -0.375877 0 0.707107 -0.664463 -0.241845 0
0.118479 -0.325519 0.2 -0.5 0.813798 0.296198 0
0.068404 -0.187939 0.34641 -0.258819 0.907673 0.330366 0
0 0 0.4 0 1 0 0
-0.068404 0.187939 0.34641 0.258819 0.907673 0.330366 0
-0.118479 0.325519 0.2 0.5 0.813798 0.296198 0
-0.136808 0.375877 0 0.707107 0.664463 0.241845 0
-0.136808 -0.375877 0 0.707107 -0.664463 0.241845 0
-0.118479 -0.325519 0.2 -0.5 0.813798 -0.296198 0
-0.068404 -0.187939 0.34641 -0.258819 0.907673 -0.330366 0
0 0 0.4 0 1 0 0
0.068404 0.187939 0.34641 0.258819 0.907673 -0.330366 0
0.118479 0.325519 0.2 0.5 0.813798 -0.296198 0
0.136808 0.375877 0 0.707107 0.664463 -0.241845 0
-0.34641 -0.2 0 0.707107 -0.353553 0.612372 0
-0.3 -0.173205 0.2 0.5 -0.433013 0.75 0
-0.173205 -0.1 0.34641 0.258819 -0.482963 0.836516 0
0 0 0.4 0 1 0 0
0.173205 0.1 0.34641 -0.258819 -0.482963 0.836516 0
0.3 0.173205 0.2 -0.5 -0.433013 0.75 0
0.34641 0.2 0 0.707107 0.353553 -0.612372 0
-0.393923 0.0694593 0 0.707107 0.122788 0.696364 0
-0.341147 0.0601535 0.2 0.5 0.150384 0.852869 0
-0.196962 0.0347296 0.34641 0.258819 0.167731 0.951251 0
0 0 0.4 0 1 0 0
0.196962 -0.0347296 0.34641 -0.258819 0.167731 0.951251 0
0.341147 -0.0601535 0.2 -0.5 0.150384 0.852869 0
0.393923 -0.0694593 0 0.707107 -0.122788 -0.696364 0
-0.257115 0.306418 0 0.707107 0.541675 0.454519 0
-0.222668 0.265366 0.2 0.5 0.663414 0.55667 0
-0.128558 0.153209 0.34641 0.258819 0.739942 0.620885 0
0 0 0.4 0 1 0 0
0.128558 -0.153209 0.34641 -0.258819 0.739942 0.620885 0
0.222668 -0.265366 0.2 -0.5 0.663414 0.55667 0
0.257115 -0.306418 0 0.707107 -0.541675 -0.454519 0
0 0.4 0 0.707107 0.707107 0 0
0 0.34641 0.2 0.5 0.866025 0 0
0 0.2 0.34641 0.258819 0.965926 0 0
0 0 0.4 0 1 0 0
0 -0.2 0.34641 -0.258819 0.965926 0 0
0 -0.34641 0.2 -0.5 0.866025 0 0
0 -0.4 0 0.707107 -0.707107 0 0
